LOAD FLOW ANALYSIS I: SOLUTION OF LOAD FLOW RELATED PROBLEMS BY GAUSS-SEIDEL METHOD
 6 2 4 5 2 1 2 100 100.0 0.0001 1.40 
 1 0.00 0.00 0.00 100.00 -50.00 1.02 
 2 80.00 0.00 0.00 50.00 -25.00 1.02
 3 10.00 5.00 1.00 
 4 57.70 30.00 1.00
 5 20.00 15.00 1.00
 6 25.00 15.00 1.00
 1 1 3 0.010 0.030 0.000 60.0
 2 1 5 0.050 0.180 0.005 40.0
 3 2 4 0.030 0.080 0.005 60.0
 4 3 4 0.020 0.035 0.000 60.0
 5 3 5 0.040 0.150 0.000 40.0
 1 2 6 0.000 0.060 1.020 60.0 
 2 5 6 0.000 0.080 1.010 60.0
 1 4 0.5
 2 6 0.5
